{
 "cells": [
  {
   "cell_type": "code",
   "execution_count": 26,
   "metadata": {},
   "outputs": [
    {
     "data": {
      "text/plain": [
       "'\\nTravelling Salesman Problem Solver\\n\\nThis script implements a heuristic algorithm for the Travelling Salesman Problem (TSP) that uses the 2-opt local search to optimize an initial solution generated by the Randomized Nearest Neighbor algorithm. The TSP seeks to find the shortest route that visits every city in a given list exactly once and returns to the starting city.\\n\\nThis script requires Python 3.6 or later and depends on the `math` module.\\n\\nUsage:\\n    Call the `tsp_solver` function with a list of cities and their coordinates, a distance matrix that stores the distance between every pair of cities, the number of iterations to run the algorithm, and the unit of measurement for the distance traveled. The function returns the best route found and its total distance in the specified unit of measurement.\\n\\nExample:\\n    cities = [(0,0), (1,1), (2,2), (3,3), (4,4), (5,5)]\\n    dist_matrix = [[0, 1, 2, 3, 4, 5],\\n                   [1, 0, 1, 2, 3, 4],\\n                   [2, 1, 0, 1, 2, 3],\\n                   [3, 2, 1, 0, 1, 2],\\n                   [4, 3, 2, 1, 0, 1],\\n                   [5, 4, 3, 2, 1, 0]]\\n    iterations = 1000\\n    unit = \\'kilometers\\'\\n    best_route, total_distance = tsp_solver(cities, dist_matrix, iterations, unit)\\n    print(f\"Best route: {best_route}\\nTotal distance: {total_distance} {unit}\")\\n\\n++++++++++++++++++++ FUNCTIONS TO BE IMPLEMENTED START ++++++++++++++++++++\\n\\nFunction: tsp_solver\\n\\n    Solves the TSP for a given list of cities and their coordinates, distance matrix, number of iterations, and unit of\\n    measurement. Returns the best route and its total distance in the specified unit of measurement.\\n\\n    Parameters:\\n        cities (list of tuples): A list of cities with their coordinates.\\n        dist_matrix (2D list): A distance matrix that stores the distance between every pair of cities.\\n        iterations (int): The number of iterations to run the algorithm.\\n        unit (str): The unit of measurement for the distance traveled (e.g. \\'kilometers\\', \\'miles\\', \\'meters\\').\\n\\n    Returns:\\n        tuple: A tuple containing the best route found and its total distance in the specified unit of measurement.\\n\\nFunction: randomized_nearest_neighbor\\n\\n    Generates an initial solution to the TSP using the randomized nearest neighbor algorithm.\\n\\n    Parameters:\\n        cities (list of tuples): A list of cities with their coordinates.\\n        dist_matrix (2D list): A distance matrix that stores the distance between every pair of cities.\\n\\n                    #Distance Matrix Example\\n                    City A  City B  City C  City D\\n            City A       0     10      15      20\\n            City B      10      0      25      30\\n            City C      15     25       0      35\\n            City D      20     30      35       0\\n\\n    Returns:\\n        list: A list representing the initial route generated by the algorithm.\\n    \\nFunction: calculate_total_distance\\n\\n    Calculates the total distance of a route given its distance matrix.\\n\\n    Parameters:\\n        route (list): A list representing a route.\\n        dist_matrix (2D list): A distance matrix that stores the distance between every pair of cities.\\n\\n    Returns:\\n        float: The total distance of the route.\\n    \\nFunction: swap_cities\\n\\n    Swaps two cities in a route.\\n\\n    Parameters:\\n        route (list): A list representing a route.\\n        index1 (int): The index of the first city to swap.\\n        index2 (int): The index of the second city to swap.\\n\\n    Returns:\\n        list: A list representing the new route generated by the swap.\\n    \\nFunction: apply_2opt_swap\\n\\n    Applies the 2-opt swap to a route.\\n\\n    Parameters:\\n        route (list): A list representing a route.\\n        index1 (int): The index of the first city to swap.\\n        index2 (int): The index of the second city to swap.\\n\\n    Returns:\\n        list: A list representing the new route generated by the 2-opt swap.\\n\\nFunction: tsp_algorithm\\n\\n    Runs the TSP algorithm for a given number of iterations.\\n\\n    Parameters:\\n        route (list): A list representing a route.\\n        dist_matrix (2D list): A distance matrix that stores the distance between every pair of cities.\\n        iterations (int): The number of iterations to run the algorithm.\\n\\n    Returns:\\n        tuple: A tuple containing the best route found and its total distance.\\n    \\nFunction: tsp_solver\\n\\n    Solves the TSP for a given list of cities and their coordinates, distance matrix, number of iterations, and unit of\\n    measurement. Returns the best route and its total distance in the specified unit of measurement.\\n\\n    Parameters:\\n        cities (list of tuples): A list of cities with their coordinates.\\n        dist_matrix (2D list): A distance matrix that stores the distance between every pair of cities.\\n        iterations (int): The number of iterations to run the algorithm.\\n        unit (str): The unit of measurement for the distance traveled (e.g. \\'kilometers\\', \\'miles\\', \\'meters\\').\\n\\n    Returns:\\n        tuple: A tuple containing the best route found and its total distance in the specified unit of measurement.\\n\\n++++++++++++++++++++ FUNCTIONS TO BE IMPLEMENTED END ++++++++++++++++++++\\n\\nAuthor: Carl Kho\\nDate created: March 8, 2023\\nLast modified: March 8, 2023\\nPython Version: 3.6 or later\\n'"
      ]
     },
     "execution_count": 26,
     "metadata": {},
     "output_type": "execute_result"
    }
   ],
   "source": [
    "\"\"\"\n",
    "Travelling Salesman Problem Solver\n",
    "\n",
    "This script implements a heuristic algorithm for the Travelling Salesman Problem (TSP) that uses the 2-opt local search to optimize an initial solution generated by the Randomized Nearest Neighbor algorithm. The TSP seeks to find the shortest route that visits every city in a given list exactly once and returns to the starting city.\n",
    "\n",
    "This script requires Python 3.6 or later and depends on the `math` module.\n",
    "\n",
    "Usage:\n",
    "    Call the `tsp_solver` function with a list of cities and their coordinates, a distance matrix that stores the distance between every pair of cities, the number of iterations to run the algorithm, and the unit of measurement for the distance traveled. The function returns the best route found and its total distance in the specified unit of measurement.\n",
    "\n",
    "Example:\n",
    "    cities = [(0,0), (1,1), (2,2), (3,3), (4,4), (5,5)]\n",
    "    dist_matrix = [[0, 1, 2, 3, 4, 5],\n",
    "                   [1, 0, 1, 2, 3, 4],\n",
    "                   [2, 1, 0, 1, 2, 3],\n",
    "                   [3, 2, 1, 0, 1, 2],\n",
    "                   [4, 3, 2, 1, 0, 1],\n",
    "                   [5, 4, 3, 2, 1, 0]]\n",
    "    iterations = 1000\n",
    "    unit = 'kilometers'\n",
    "    best_route, total_distance = tsp_solver(cities, dist_matrix, iterations, unit)\n",
    "    print(f\"Best route: {best_route}\\nTotal distance: {total_distance} {unit}\")\n",
    "\n",
    "++++++++++++++++++++ FUNCTIONS TO BE IMPLEMENTED START ++++++++++++++++++++\n",
    "\n",
    "Function: tsp_solver\n",
    "\n",
    "    Solves the TSP for a given list of cities and their coordinates, distance matrix, number of iterations, and unit of\n",
    "    measurement. Returns the best route and its total distance in the specified unit of measurement.\n",
    "\n",
    "    Parameters:\n",
    "        cities (list of tuples): A list of cities with their coordinates.\n",
    "        dist_matrix (2D list): A distance matrix that stores the distance between every pair of cities.\n",
    "        iterations (int): The number of iterations to run the algorithm.\n",
    "        unit (str): The unit of measurement for the distance traveled (e.g. 'kilometers', 'miles', 'meters').\n",
    "\n",
    "    Returns:\n",
    "        tuple: A tuple containing the best route found and its total distance in the specified unit of measurement.\n",
    "\n",
    "Function: randomized_nearest_neighbor\n",
    "\n",
    "    Generates an initial solution to the TSP using the randomized nearest neighbor algorithm.\n",
    "\n",
    "    Parameters:\n",
    "        cities (list of tuples): A list of cities with their coordinates.\n",
    "        dist_matrix (2D list): A distance matrix that stores the distance between every pair of cities.\n",
    "\n",
    "                    #Distance Matrix Example\n",
    "                    City A  City B  City C  City D\n",
    "            City A       0     10      15      20\n",
    "            City B      10      0      25      30\n",
    "            City C      15     25       0      35\n",
    "            City D      20     30      35       0\n",
    "\n",
    "    Returns:\n",
    "        list: A list representing the initial route generated by the algorithm.\n",
    "    \n",
    "Function: calculate_total_distance\n",
    "\n",
    "    Calculates the total distance of a route given its distance matrix.\n",
    "\n",
    "    Parameters:\n",
    "        route (list): A list representing a route.\n",
    "        dist_matrix (2D list): A distance matrix that stores the distance between every pair of cities.\n",
    "\n",
    "    Returns:\n",
    "        float: The total distance of the route.\n",
    "    \n",
    "Function: swap_cities\n",
    "\n",
    "    Swaps two cities in a route.\n",
    "\n",
    "    Parameters:\n",
    "        route (list): A list representing a route.\n",
    "        index1 (int): The index of the first city to swap.\n",
    "        index2 (int): The index of the second city to swap.\n",
    "\n",
    "    Returns:\n",
    "        list: A list representing the new route generated by the swap.\n",
    "    \n",
    "Function: apply_2opt_swap\n",
    "\n",
    "    Applies the 2-opt swap to a route.\n",
    "\n",
    "    Parameters:\n",
    "        route (list): A list representing a route.\n",
    "        index1 (int): The index of the first city to swap.\n",
    "        index2 (int): The index of the second city to swap.\n",
    "\n",
    "    Returns:\n",
    "        list: A list representing the new route generated by the 2-opt swap.\n",
    "\n",
    "Function: tsp_algorithm\n",
    "\n",
    "    Runs the TSP algorithm for a given number of iterations.\n",
    "\n",
    "    Parameters:\n",
    "        route (list): A list representing a route.\n",
    "        dist_matrix (2D list): A distance matrix that stores the distance between every pair of cities.\n",
    "        iterations (int): The number of iterations to run the algorithm.\n",
    "\n",
    "    Returns:\n",
    "        tuple: A tuple containing the best route found and its total distance.\n",
    "    \n",
    "Function: tsp_solver\n",
    "\n",
    "    Solves the TSP for a given list of cities and their coordinates, distance matrix, number of iterations, and unit of\n",
    "    measurement. Returns the best route and its total distance in the specified unit of measurement.\n",
    "\n",
    "    Parameters:\n",
    "        cities (list of tuples): A list of cities with their coordinates.\n",
    "        dist_matrix (2D list): A distance matrix that stores the distance between every pair of cities.\n",
    "        iterations (int): The number of iterations to run the algorithm.\n",
    "        unit (str): The unit of measurement for the distance traveled (e.g. 'kilometers', 'miles', 'meters').\n",
    "\n",
    "    Returns:\n",
    "        tuple: A tuple containing the best route found and its total distance in the specified unit of measurement.\n",
    "\n",
    "++++++++++++++++++++ FUNCTIONS TO BE IMPLEMENTED END ++++++++++++++++++++\n",
    "\n",
    "Author: Carl Kho\n",
    "Date created: March 8, 2023\n",
    "Last modified: March 8, 2023\n",
    "Python Version: 3.6 or later\n",
    "\"\"\""
   ]
  },
  {
   "cell_type": "code",
   "execution_count": 51,
   "metadata": {},
   "outputs": [
    {
     "name": "stdout",
     "output_type": "stream",
     "text": [
      "City Coordinates:\n",
      "(0, 0)\n",
      "(1, 1)\n",
      "(2, 2)\n",
      "(3, 3)\n",
      "(4, 4)\n",
      "\n",
      "Distance Matrix:\n",
      "[0, 1, 2, 3, 4]\n",
      "[1, 0, 1, 2, 3]\n",
      "[2, 1, 0, 1, 2]\n",
      "[3, 2, 1, 0, 1]\n",
      "[4, 3, 2, 1, 0]\n",
      "\n",
      "Initial Route:\n",
      "[3, 2, 1, 0, 4]\n",
      "Initial Route Distance: 7 km\n",
      "\n",
      "Best Route:\n",
      "[4, 3, 2, 1, 0]\n",
      "Best Route Distance: 4 km\n"
     ]
    }
   ],
   "source": [
    "import random\n",
    "import math\n",
    "\n",
    "\n",
    "def swap_cities(best_route):\n",
    "    # Randomly select two cities in the route and swap their positions\n",
    "    new_route = best_route.copy()\n",
    "    city1, city2 = random.sample(range(len(new_route)), 2)\n",
    "    new_route[city1], new_route[city2] = new_route[city2], new_route[city1]\n",
    "    return new_route\n",
    "\n",
    "\n",
    "def two_opt_swap(new_route, dist_matrix):\n",
    "    # Apply the 2-opt swap to the route to eliminate any crossovers or intersections\n",
    "    for i in range(len(new_route) - 1):\n",
    "        for j in range(i + 1, len(new_route)):\n",
    "            if j - i == 1:\n",
    "                continue  # changes nothing, skip then\n",
    "            # reverse the path between i and j\n",
    "            reversed_path = list(reversed(new_route[i:j]))\n",
    "            # check if this reverse will cause improvement in distance\n",
    "            if (dist_matrix[new_route[i - 1]][new_route[j]] + dist_matrix[new_route[i]][new_route[j + 1]]) > (\n",
    "                    dist_matrix[new_route[i - 1]][new_route[i]] + dist_matrix[new_route[j]][new_route[j + 1]]):\n",
    "                # apply the reversal\n",
    "                new_route[i:j] = reversed_path\n",
    "    return new_route\n",
    "\n",
    "\n",
    "def convert_distance_unit(best_distance, distance_unit):\n",
    "    # Convert the best distance to the specified unit of measurement\n",
    "    if distance_unit == 'km':\n",
    "        return round(best_distance, 2)\n",
    "    elif distance_unit == 'm':\n",
    "        return round(best_distance * 1000, 2)\n",
    "    else:\n",
    "        raise ValueError(\"Invalid distance unit. Choose 'km' or 'm'.\")\n",
    "\n",
    "\n",
    "def tsp_solver(city_coords, iterations, distance_unit):\n",
    "    # Generate the distance matrix\n",
    "    dist_matrix = generate_distance_matrix(city_coords)\n",
    "\n",
    "    # Generate initial route using Randomized Nearest Neighbor algorithm\n",
    "    initial_route = generate_initial_route(city_coords)\n",
    "    print(f\"Initial route: {initial_route}\")\n",
    "    initial_distance = calculate_total_distance(initial_route, dist_matrix)\n",
    "    print(f\"Initial distance: {initial_distance}{distance_unit}\")\n",
    "\n",
    "    # Set best_route to initial route and calculate its total distance\n",
    "    best_route = initial_route\n",
    "    best_distance = initial_distance\n",
    "    print(f\"Best route: {best_route}\")\n",
    "    print(f\"Best distance: {best_distance}{distance_unit}\")\n",
    "\n",
    "    # Run the 2-opt algorithm for the specified number of iterations\n",
    "    for i in range(iterations):\n",
    "        # Randomly select two cities in the route and swap their positions\n",
    "        new_route = swap_cities(best_route)\n",
    "        print(f\"Iteration {i+1}:\")\n",
    "        print(f\"New route: {new_route}\")\n",
    "\n",
    "        # Apply the 2-opt swap to the route to eliminate any crossovers or intersections\n",
    "        new_route = two_opt_swap(new_route, dist_matrix)\n",
    "        print(f\"2-opt swapped route: {new_route}\")\n",
    "\n",
    "        # Calculate the total distance of the new route\n",
    "        new_distance = calculate_total_distance(new_route, dist_matrix)\n",
    "        print(f\"New distance: {new_distance}{distance_unit}\")\n",
    "\n",
    "        # If the new route is shorter than the previous best route, update best_route and its total distance\n",
    "        if new_distance < best_distance:\n",
    "            best_route = new_route\n",
    "            best_distance = new_distance\n",
    "            print(f\"New best route: {best_route}\")\n",
    "            print(f\"New best distance: {best_distance}{distance_unit}\")\n",
    "        else:\n",
    "            print(f\"No improvement in route for iteration {i+1}\")\n",
    "\n",
    "    # Convert the best distance to the specified unit of measurement\n",
    "    best_distance = convert_distance_unit(best_distance, distance_unit)\n",
    "\n",
    "    return best_route, best_distance\n",
    "\n",
    "\n",
    "def swap_cities(best_route):\n",
    "    # Randomly select two cities in the route and swap their positions\n",
    "    new_route = best_route.copy()\n",
    "    city1, city2 = random.sample(range(len(new_route)), 2)\n",
    "    new_route[city1], new_route[city2] = new_route[city2], new_route[city1]\n",
    "    return new_route\n",
    "\n",
    "\n",
    "def two_opt_swap(new_route, dist_matrix):\n",
    "    # Apply the 2-opt swap to the route to eliminate any crossovers or intersections\n",
    "    for i in range(len(new_route) - 1):\n",
    "        for j in range(i + 1, len(new_route)):\n",
    "            if j - i == 1:\n",
    "                continue  # changes nothing, skip then\n",
    "            # reverse the path between i and j\n",
    "            reversed_path = list(reversed(new_route[i:j]))\n",
    "            # check if this reverse will cause improvement in distance\n",
    "            if (dist_matrix[new_route[i - 1]][new_route[j]] + dist_matrix[new_route[i]][new_route[j + 1]]) > (\n",
    "                    dist_matrix[new_route[i - 1]][new_route[i]] + dist_matrix[new_route[j]][new_route[j + 1]]):\n",
    "                # apply the reversal\n",
    "                new_route[i:j] = reversed_path\n",
    "    return new_route\n",
    "\n",
    "\n",
    "def convert_distance_unit(best_distance, distance_unit):\n",
    "    # Convert the best distance to the specified unit of measurement\n",
    "    if distance_unit == 'km':\n",
    "        return round(best_distance, 2)\n",
    "    elif distance_unit == 'm':\n",
    "        return round(best_distance * 1000, 2)\n",
    "    else:\n",
    "        raise ValueError(\"Invalid distance unit. Choose 'km' or 'm'.\")\n",
    "\n",
    "\n",
    "def generate_distance_matrix(city_coords):\n",
    "    dist_matrix = []\n",
    "    for i, coord1 in enumerate(city_coords):\n",
    "        row = []\n",
    "        for j, coord2 in enumerate(city_coords):\n",
    "            if i == j:\n",
    "                row.append(0)\n",
    "            else:\n",
    "                dist = distance(coord1, coord2)\n",
    "                row.append(dist)\n",
    "        dist_matrix.append(row)\n",
    "    return dist_matrix\n",
    "\n",
    "\n",
    "def distance(coord1, coord2):\n",
    "    # Calculate the Euclidean distance between two coordinates\n",
    "    x1, y1 = coord1\n",
    "    x2, y2 = coord2\n",
    "    dist = math.sqrt((x2 - x1)**2 + (y2 - y1)**2)\n",
    "    return dist\n",
    "\n",
    "\n",
    "def generate_initial_route(city_coords):\n",
    "    # Generate initial route using Randomized Nearest Neighbor algorithm\n",
    "    city_indices = list(range(len(city_coords)))\n",
    "    initial_route = [random.choice(city_indices)]\n",
    "    city_indices.remove(initial_route[0])\n",
    "    while len(city_indices) > 0:\n",
    "        last_index = initial_route[-1]\n",
    "        distances = [(i, distance(city_coords[i], city_coords[last_index]))\n",
    "                     for i in city_indices]\n",
    "        distances = sorted(distances, key=lambda x: x[1])\n",
    "        nearest_index = distances[0][0]\n",
    "        initial_route.append(nearest_index)\n",
    "        city_indices.remove(nearest_index)\n",
    "    return initial_route\n",
    "\n",
    "\n",
    "def calculate_total_distance(route, dist_matrix):\n",
    "    # Calculate the total distance of a route given its distance matrix\n",
    "    total_distance = 0\n",
    "    for i in range(len(route)-1):\n",
    "        start_index = route[i]\n",
    "        end_index = route[i+1]\n",
    "        total_distance += dist_matrix[start_index][end_index]\n",
    "    return total_distance\n",
    "\n",
    "\n",
    "def generate_initial_route(city_coords, dist_matrix):\n",
    "    # Generate an initial route using the randomized nearest neighbor algorithm\n",
    "    num_cities = len(city_coords)\n",
    "    start_city_index = random.randint(0, num_cities-1)\n",
    "    unvisited_cities = set(range(num_cities))\n",
    "    unvisited_cities.remove(start_city_index)\n",
    "    route = [start_city_index]\n",
    "    while unvisited_cities:\n",
    "        nearest_city_index = min(\n",
    "            unvisited_cities, key=lambda x: dist_matrix[route[-1]][x])\n",
    "        unvisited_cities.remove(nearest_city_index)\n",
    "        route.append(nearest_city_index)\n",
    "    return route\n",
    "\n",
    "\n",
    "def run_2opt(route, dist_matrix, num_iterations):\n",
    "    # Improve a route using the 2-opt algorithm\n",
    "    best_route = route\n",
    "    best_distance = calculate_total_distance(best_route, dist_matrix)\n",
    "    for i in range(num_iterations):\n",
    "        new_route = best_route.copy()\n",
    "        # Randomly select two cities to swap\n",
    "        city1, city2 = random.sample(range(len(new_route)), 2)\n",
    "        # Swap the two cities to create a new route\n",
    "        new_route[city1], new_route[city2] = new_route[city2], new_route[city1]\n",
    "        # Apply 2-opt to the new route\n",
    "        for j in range(len(new_route)-2):\n",
    "            for k in range(j+2, len(new_route)-1):\n",
    "                if dist_matrix[new_route[j]][new_route[k]] + dist_matrix[new_route[j+1]][new_route[k+1]] < dist_matrix[new_route[j]][new_route[j+1]] + dist_matrix[new_route[k]][new_route[k+1]]:\n",
    "                    new_route[j+1:k+1] = reversed(new_route[j+1:k+1])\n",
    "        # Calculate the total distance of the new route\n",
    "        new_distance = calculate_total_distance(new_route, dist_matrix)\n",
    "        # If the new route is shorter, update the best route and distance\n",
    "        if new_distance < best_distance:\n",
    "            best_distance = new_distance\n",
    "            best_route = new_route\n",
    "    return best_route, best_distance\n",
    "\n",
    "\n",
    "# Main code\n",
    "city_coords = [(0, 0), (1, 1), (2, 2), (3, 3), (4, 4)]\n",
    "dist_matrix = [[0, 1, 2, 3, 4],\n",
    "               [1, 0, 1, 2, 3],\n",
    "               [2, 1, 0, 1, 2],\n",
    "               [3, 2, 1, 0, 1],\n",
    "               [4, 3, 2, 1, 0]]\n",
    "num_iterations = 500\n",
    "unit = 'km'\n",
    "\n",
    "print(\"City Coordinates:\")\n",
    "for city in city_coords:\n",
    "    print(city)\n",
    "\n",
    "print(\"\\nDistance Matrix:\")\n",
    "for row in dist_matrix:\n",
    "    print(row)\n",
    "\n",
    "initial_route = generate_initial_route(city_coords, dist_matrix)\n",
    "print(\"\\nInitial Route:\")\n",
    "print(initial_route)\n",
    "print(\"Initial Route Distance:\", calculate_total_distance(\n",
    "    initial_route, dist_matrix), unit)\n",
    "\n",
    "best_route, best_distance = run_2opt(\n",
    "    initial_route, dist_matrix, num_iterations)\n",
    "print(\"\\nBest Route:\")\n",
    "print(best_route)\n",
    "print(\"Best Route Distance:\", best_distance, unit)\n"
   ]
  },
  {
   "cell_type": "code",
   "execution_count": 55,
   "metadata": {},
   "outputs": [
    {
     "name": "stdout",
     "output_type": "stream",
     "text": [
      "City Coordinates:\n",
      "(0.9286961095866815, -22.7162613164069)\n",
      "(-11.986110443773995, 58.16222251621713)\n",
      "(34.840557417294605, -80.68331887779536)\n",
      "(-6.332683079756379, -46.86045897103168)\n",
      "(-95.5491644908437, 11.83821296665279)\n",
      "(50.6961237442531, -53.70704016315071)\n",
      "(-2.7408802355841004, 90.15580686220363)\n",
      "(68.69274857429176, 64.73151578128085)\n",
      "(-4.411021251598356, 41.37512117828746)\n",
      "(47.48308827251796, -72.82171839891075)\n",
      "(-30.35472671908859, -73.39729871770717)\n",
      "(91.83948856223455, -50.678251718867685)\n",
      "(67.01935176250359, -28.377535056846057)\n",
      "(-67.16932519700664, 36.32371721466174)\n",
      "(52.219371824385604, -32.5244901356545)\n",
      "\n",
      "Initial Route:\n",
      "[13, 4, 1, 8, 6, 7, 12, 14, 5, 9, 2, 3, 0, 10, 11]\n",
      "Initial Route Distance: 702.4218742869166 km\n",
      "\n",
      "Distance Matrix:\n",
      "[0, 81.90312189028423, 67.15797867475271, 25.212495079166864, 102.47921388757189, 58.62785367809009, 112.931703101786, 110.63037795183646, 64.31343476738398, 68.39494322760004, 59.55854343374826, 95.1138533108386, 66.33268263078634, 90.12801767942244, 52.22006097134877]\n",
      "[81.90312189028423, 0, 146.5292502811888, 105.17473493064927, 95.54421940871995, 128.2333592136932, 33.30260831986257, 80.94587022485669, 18.417077607463575, 143.85193211637977, 132.83566422903576, 150.41942640721194, 117.17931856446384, 59.347346228011375, 111.114462627014]\n",
      "[67.15797867475271, 146.5292502811888, 0, 53.284346531608705, 159.8803097136257, 31.290870822634037, 174.92390156769426, 149.30319817423987, 128.21446570853328, 14.887523249851647, 65.60115214991997, 64.41414601527653, 61.411479599787654, 155.2309976973835, 51.19859349641322]\n",
      "[25.212495079166864, 105.17473493064927, 53.284346531608705, 0, 106.79473134299649, 57.438318932490255, 137.06333627398396, 134.4677813604322, 88.2565033777609, 59.75051662807537, 35.79472648799984, 98.24637818449064, 75.64482462084035, 103.05680080322149, 60.28153229594088]\n",
      "[102.47921388757189, 95.54421940871995, 159.8803097136257, 106.79473134299649, 0, 160.26186239656818, 121.43732185779415, 172.54885537127, 95.8049586388916, 166.20929369137008, 107.30986519640173, 197.54193390220433, 167.4688892478373, 37.482731979183185, 154.28412021750233]\n",
      "[58.62785367809009, 128.2333592136932, 31.290870822634037, 57.438318932490255, 160.26186239656818, 0, 153.4667134872629, 119.79803854602716, 109.89729220937646, 19.38284089083091, 83.40831279180907, 41.25469704149742, 30.133562714456968, 148.31655783541916, 21.237248182874513]\n",
      "[112.931703101786, 33.30260831986257, 174.92390156769426, 137.06333627398396, 121.43732185779415, 153.4667134872629, 0, 75.82320160686052, 48.809268246987656, 170.54067184381563, 165.86784758490117, 169.64574329569254, 137.53778795271268, 83.95783701339643, 134.42873419763382]\n",
      "[110.63037795183646, 80.94587022485669, 149.30319817423987, 134.4677813604322, 172.54885537127, 119.79803854602716, 75.82320160686052, 0, 76.74426578974784, 139.1788127681339, 169.97050260821328, 117.70805412760747, 93.12408713574916, 138.80023814402963, 98.6412835908947]\n",
      "[64.31343476738398, 18.417077607463575, 128.21446570853328, 88.2565033777609, 95.8049586388916, 109.89729220937646, 48.809268246987656, 76.74426578974784, 0, 125.43491050230521, 117.66811047249118, 133.18402344562745, 99.83852583442152, 62.96126901602272, 93.1029213950462]\n",
      "[68.39494322760004, 143.85193211637977, 14.887523249851647, 59.75051662807537, 166.20929369137008, 19.38284089083091, 170.54067184381563, 139.1788127681339, 125.43491050230521, 0, 77.83994305863125, 49.57643959858097, 48.5484399758963, 158.29687940595457, 40.57461013472181]\n",
      "[59.55854343374826, 132.83566422903576, 65.60115214991997, 35.79472648799984, 107.30986519640173, 83.40831279180907, 165.86784758490117, 169.97050260821328, 117.66811047249118, 77.83994305863125, 0, 124.28829930751255, 107.27763177950501, 115.73251919111361, 92.1361396611151]\n",
      "[95.1138533108386, 150.41942640721194, 64.41414601527653, 98.24637818449064, 197.54193390220433, 41.25469704149742, 169.64574329569254, 117.70805412760747, 133.18402344562745, 49.57643959858097, 124.28829930751255, 0, 33.36706691330732, 181.25436670996888, 43.58110496466244]\n",
      "[66.33268263078634, 117.17931856446384, 61.411479599787654, 75.64482462084035, 167.4688892478373, 30.133562714456968, 137.53778795271268, 93.12408713574916, 99.83852583442152, 48.5484399758963, 107.27763177950501, 33.36706691330732, 0, 148.9726587990061, 15.369991626359138]\n",
      "[90.12801767942244, 59.347346228011375, 155.2309976973835, 103.05680080322149, 37.482731979183185, 148.31655783541916, 83.95783701339643, 138.80023814402963, 62.96126901602272, 158.29687940595457, 115.73251919111361, 181.25436670996888, 148.9726587990061, 0, 137.81776602389814]\n",
      "[52.22006097134877, 111.114462627014, 51.19859349641322, 60.28153229594088, 154.28412021750233, 21.237248182874513, 134.42873419763382, 98.6412835908947, 93.1029213950462, 40.57461013472181, 92.1361396611151, 43.58110496466244, 15.369991626359138, 137.81776602389814, 0]\n",
      "\n",
      "Best Route:\n",
      "[7, 6, 1, 8, 13, 4, 0, 3, 10, 2, 9, 5, 14, 12, 11]\n",
      "Best Route Distance: 561.3191469972746 km\n"
     ]
    }
   ],
   "source": [
    "# Main code\n",
    "import random\n",
    "\n",
    "# Generate 15 random cities \n",
    "# Author's (Carl's) Note: I wanted to work with the real coordinates of Manila, but I will do that in the future due to time constraints and conflicting priorities.\n",
    "city_coords = [(random.uniform(-100, 100), random.uniform(-100, 100))\n",
    "               for i in range(15)]\n",
    "\n",
    "# Calculate distance matrix\n",
    "dist_matrix = generate_distance_matrix(city_coords)\n",
    "\n",
    "# Set number of iterations and unit of measurement\n",
    "num_iterations = 500\n",
    "unit = 'km'\n",
    "\n",
    "print(\"City Coordinates:\")\n",
    "for city in city_coords:\n",
    "    print(city)\n",
    "\n",
    "initial_route = generate_initial_route(city_coords, dist_matrix)\n",
    "print(\"\\nInitial Route:\")\n",
    "print(initial_route)\n",
    "print(\"Initial Route Distance:\", calculate_total_distance(\n",
    "    initial_route, dist_matrix), unit)\n",
    "\n",
    "print(\"\\nDistance Matrix:\")\n",
    "for row in dist_matrix:\n",
    "    print(row)\n",
    "\n",
    "best_route, best_distance = run_2opt(\n",
    "    initial_route, dist_matrix, num_iterations)\n",
    "print(\"\\nBest Route:\")\n",
    "print(best_route)\n",
    "print(\"Best Route Distance:\", best_distance, unit)\n"
   ]
  },
  {
   "cell_type": "code",
   "execution_count": 41,
   "metadata": {},
   "outputs": [],
   "source": [
    "# Ideal code that I didn't do because I'm a noob\n",
    "MNL_cities = [\n",
    "    (14.6517, 120.9842),  # Caloocan\n",
    "    (14.7067, 120.9664),  # Valenzuela\n",
    "    (14.6720, 120.9574),  # Malabon\n",
    "    (14.6760, 121.0437),  # Quezon City\n",
    "    (14.6517, 120.9842),  # Caloocan\n",
    "    (14.6414, 121.0861),  # Marikina\n",
    "    (14.5995, 120.9842),  # Manila\n",
    "    (14.5833, 121.0500),  # Mandaluyong Pasig\n",
    "    (14.5547, 121.0244),  # Makati\n",
    "    (14.5378, 121.0000),  # Pasay\n",
    "    (14.5176, 121.0509),  # Taguig\n",
    "    (14.4793, 120.8973),  # Parañaque\n",
    "    (14.3776, 120.9810),  # Las Piñas\n",
    "    (14.4000, 121.0500),  # Muntinlupa\n",
    "]\n"
   ]
  }
 ],
 "metadata": {
  "kernelspec": {
   "display_name": "Python 3",
   "language": "python",
   "name": "python3"
  },
  "language_info": {
   "codemirror_mode": {
    "name": "ipython",
    "version": 3
   },
   "file_extension": ".py",
   "mimetype": "text/x-python",
   "name": "python",
   "nbconvert_exporter": "python",
   "pygments_lexer": "ipython3",
   "version": "3.10.5"
  },
  "orig_nbformat": 4,
  "vscode": {
   "interpreter": {
    "hash": "aee8b7b246df8f9039afb4144a1f6fd8d2ca17a180786b69acc140d282b71a49"
   }
  }
 },
 "nbformat": 4,
 "nbformat_minor": 2
}
